5.0
5.6
4.09
2.0
228.33
0.82
6.36
6.45
2.33
5.1
22.8
9.73
6.25
7.18
3.75
2.07
4.18
2.27
88.33
13.3
15.27
3.8
2.1
3.27
4.09
17.38
5.54
82.58
35.1
5.5
13.18
0.91
2.27
9.91
16.56
3.64
1.62
65.67
3.73
5.15
1.36
2.58
6.73
6.78
0.91
5.45
8.33
0.92
7.64
36.64
3.09
8.82
4.36
3.56
12.82
129.73
1.3
8.5
8.64
2.08
0.7
5.0
2.73
5.0
1.8
7.78
10.2
1.91
6.0
6.82
18.5
26.09
4.09
4.0
3.73
0.42
10.0
4.37
34.5
4.44
27.6
0.82
8.4
6.75
1.09
6.36
1.82
8.18
2.55
5.0
5.91
0.46
2.45
19.0
4.82
1.18
2.2
4.27
12.64
3.76
1.25
18.0
3.5
16.36
18.0
5.91
5.0
8.36
3.18
4.09
3.64
4.33
73.75
2.12
0.94
17.5
12.2
10.07
7.45
3.64
9.18
3.7
19.0
5.67
2.36
2.75
7.1
11.2
2.5
22.33
5.6
12.92
4.64
10.5
4.38
12.5
4.82
3.2
15.2
1.43
18.44
3.36
5.5
2.71
13.09
95.45
2.86
6.64
11.54
33.73
3.18
4.0
3.5
10.83
3.0
4.36
6.94
2.36
2.38
5.89
5.73
9.73
7.67
10.73
0.91
4.33
11.12
5.46
1.18
0.64
29.38
5.45
1.82
7.6
6.82
0.75
1.36
5.91
25.5
1.47
61.4
7.12
8.42
15.0
2.73
4.69
14.09
0.64
2.92
0.58
7.0
9.84
1.91
2.2
5.0
55.6
1.55
1.45
10.36
4.64
11.36
2.0
5.17
5.47
5.7
3.27
1.0
4.82
10.45
9.27
4.12
21.57
3.0
2.0
52.6
3.82
4.7
0.55
4.55
5.0
7.27
2.0
15.2
5.0
4.64
0.8
0.8
11.36
4.09
8.45
1.14
5.64
13.17
1.17
7.64
12.5
3.5
1.57
144.57
6.75
0.62
3.33
4.62
10.14
20.5
0.5
3.31
11.82
1.3
2.36
2.36
5.2
2.73
6.0
2.45
1.0
20.6
10.45
3.55
8.06
6.09
6.45
2.07
5.12
3.42
12.36
5.5
3.64
7.75
12.5
117.0
15.92
0.11
11.82
10.17
4.55
5.29
2.89
9.82
2.86
11.5
67.25
6.65
57.1
19.18
1.82
2.29
8.36
20.18
7.65
0.5
2.36
22.5
6.18
21.14
1.79
3.64
18.18
3.18
4.5
6.33
0.09
4.86
5.1
8.0
8.0
5.0
1.55
15.0
12.92
3.11
8.27
3.5
1.0
12.6
0.91
1.36
1.38
3.64
40.88
3.0
0.09
10.91
8.67
15.78
4.55
1.64
5.0
1.57
4.09
1.59
6.62
2.55
7.27
10.64
1.43
7.55
9.18
11.17
3.27
7.27
7.1
17.33
1.15
7.27
20.91
2.18
8.36
6.13
354.0
7.17
3.27
3.64
4.82
9.0
9.27
5.18
6.64
5.17
0.18
15.58
9.53
2.17
61.5
5.83
7.82
4390.0
10.0
5.83
66.0
0.42
6.0
3.91
4.7
0.17
0.92
2.21
0.46
27.6
5.93
13.0
7.82
1.5
8.44
0.58
3.1
16.38
2.88
2.55
10.0
2.15
11.67
4.38
21.25
3.56
9.18
6.67
8.21
4.59
9.17
5.85
3.0
6.23
10.2
1.75
53.7
3.64
3.33
2.6
7.73
0.42
2.69
7.25
0.42
4.29
2.58
6.0
4.06
1.7
11.45
2.0
6.0
10.18
1.27
1.64
2.86
1.44
12.45
6.36
6.82
1.45
10.5
5.21
7.18
1.41
1.37
36.67
1.0
1.18
3.24
5.0
8.27
5.07
15.71
1.6
5.4
7.25
6.83
3.11
46.14
7.31
2.5
203.5
1.24
4.91
4.11
8.2
1.5
8.2
2.6
24.1
3.09
19.36
4.85
12.0
2.36
10.83
0.45
12.27
1.27
2.86
5.27
13.82
3.67
5.33
1.58
3.27
7.55
4.2
3.36
2.44
48.0
4.9
2.27
0.94
18.18
21.6
2.67
5.4
2.68
36.62
2.82
5.83
4.64
9.11
5.6
1.1
16.0
7.08
4.08
5.6
10.0
4.39
1.58
52.36
8.64
5.2
4.21
2.82
13.0
13.0
9.55
0.88
6.82
5.45
6.18
2.27
5.14
5.42
3.45
5.5
4.3
3.75
0.45
4.09
33.14
5.45
3.18
4.55
7.0
4.44
1.36
1.36
22.36
1.91
3.56
8.75
10.44
4.1
0.82
2.27
4.43
1.91
2.78
20.55
2.73
0.83
2.31
2.36
12.73
4.5
2.67
19.5
4.23
5.14
8.0
0.82
2.27
0.82
1.36
4.0
7.0
2.6
3.57
12.55
8.82
3.42
2.36
4.5
0.62
6.91
1.88
11.73
11.45
0.94
9.1
4.1
4.09
1.36
3.2
5.55
10.36
3.73
9.09
10.18
13.67
3.25
3.0
14.1
1.27
29.55
8.5
1.59
20.0
1.91
1.82
6.18
3.18
3.96
7.0
4.0
2.27
0.1
4.64
3.06
4.43
8.62
6.0
13.82
6.8
142.55
17.0
7.55
3.62
5.88
7.73
60.67
15.64
20.09
5.31
6.79
3.0
2.73
6.82
6.83
2.91
8.53
8.0
1.91
5.1
2.45
3.25
38.0
2.7
16.67
2.1
8.27
1.36
7.1
3.6
9.09
1.45
2.2
0.71
6.0
16.36
0.18
3.5
4.82
6.82
3.45
0.82
6.0
4.09
502.0
0.5
3.1
2.73
2.86
2.5
1.26
0.33
9.55
1.09
394.62
13.75
2.08
4.6
9.71
12.5
2.67
2.36
6.91
12.0
1.36
9.38
3.27
7.73
8.18
0.56
1.0
4.64
2.0
5.64
4.64
10.11
1.25
1.54
3.11
3.36
4.25
4.1
1.0
3.23
2.27
9.0
10.0
2.67
0.93
7.82
7.18
6.64
17.36
3.85
12.0
3.27
1.8
9.55
13.31
7.67
9.29
2.75
1.62
1.1
0.1
11.0
3.18
1.09
7.0
8.82
5.09
4.0
8.82
3.75
4.6
12.56
8.73
14.27
14.18
4.18
6.25
4.5
4.33
5.55
14.17
1.29
4.18
1.57
22.5
2.12
5.56
6.7
3.67
13.67
0.43
3.5
4.55
3.3
6.71
4.18
1.82
16.91
9.09
7.7
10.64
1.11
6.95
6.82
14.5
5.08
6.36
1.5
6.25
0.15
3.1
29.64
2.18
4.0
0.62
1.55
3.5
7.27
12.64
1.8
5.09
1.82
0.67
11.89
7.7
0.72
4.36
31.0
13.36
5.45
1.91
7.45
1.55
14.77
9.55
0.38
10.91
12.5
0.91
5.5
1.82
2.27
4.8
1.36
10.11
6.4
7.8
0.86
3.57
29.64
10.55
12.73
6.5
3.91
5.0
12.0
8.64
2.67
4.36
1.36
1.93
3.71
2.0
1.2
23.0
5.7
7.0
10.14
1.36
1.82
0.19
3.43
18.36
6.0
4.67
5.8
3.1
1.27
0.64
2.62
17.27
2.27
0.33
4.27
1.33
19.0
1.6
0.45
7.73
59.91
5.33
10.35
4.55
6.0
2.27
1.79
24.27
0.91
3.18
7.73
7.0
2.17
5.0
8.0
4.73
4.82
7.44
6.5
1.4
3.67
1.82
1.88
0.64
1.82
1.67
0.5
4.18
1.82
1.88
3.18
3.64
9.67
5.55
9.62
6.45
3.33
4.0
2.58
6.2
46.91
6.56
10.73
0.45
1.0
1.6
3.44
5.0
6.27
1.6
0.91
6.45
1.26
6.36
3.88
1.91
2.73
4.11
5.45
2.86
2.91
8.57
0.45
13.09
5.67
6.57
6.55
1.09
11.0
2.73
2.78
5.45
1.09
2.36
2.27
1.5
1.43
3.0
4.55
1.0
15.27
0.45
13.73
9.91
0.27
2.0
2.18
2.27
18.73
0.45
8.0
1.18
2.55
2.82
1.36
19.0
3.18
5.45
6.88
12.73
2.27
13.64
2.36
11.44
5.91
2.14
1.64
1.45
2.71
7.0
0.75
5.09
3.6
0.64
5.4
7.09
1.09
2.27
3.33
1.25
15.5
5.5
101.36
19.64
39.4
1.9
0.45
1.64
2.73
1.82
11.33
8.45
3.45
22.45
7.5
2.36
5.91
0.5
2.6
5.27
4.73
2.0
2.05
0.91
7.8
22.5
3.85
9.09
2.73
0.4
5.12
0.86
0.73
3.6
0.83
13.64
12.0
3.18
0.89
12.5
2.14
4.1
3.18
0.78
6.0
2.27
0.45
3.91
2.73
3.27
1.89
1.86
31.36
2.09
3.4
12.4
0.25
1.18
4.7
6.11
2.33
7.91
3.9
1.67
6.18
0.55
8.2
3.0
2.77
1.78
2.0
2.73
92.73
3.29
9.4
11.36
10.36
2.27
5.09
4.09
0.73
8.83
2.27
0.91
3.73
3.18
2.14
9.0
3.64
4.29
4.55
6.45
4.09
6.91
14.1
21.36
3.14
5.2
2.36
0.14
2.88
0.44
1.5
4.64
7.33
3.35
8.58
1.18
9.09
1.0
5.55
1.0
0.91
3.0
1.18
3.18
0.62
3.36
15.5
0.36
10.45
2.27
0.71
1.09
0.45
6.09
14.87
2.36
4.18
13.27
2.82
0.18
3.75
4.18
11.5
12.5
10.82
2.6
2.14
2.47
12.33
6175.5
0.77
1.36
1.92
10.71
6.0
10.0
7.89
1.19
2.27
2.73
0.91
8.92
0.76
8.2
9.29
0.94
12.33
11.91
3.25
2.0
4.62
6.82
18.64
11.64
0.31
3.64
13.33
3.18
2.27
9.7
1.0
1.82
1.45
1.91
2.67
2.73
3.82
2.36
8.79
5.5
8.64
3.75
1.91
5.18
6.44
5.55
10.45
4.69
14.44
10.0
137.82
0.95
2.31
5.0
2.27
3.18
4.09
8.2
0.88
2.75
4.47
10.0
0.54
15.09
3.18
7.3
14.17
12.27
12.18
3.7
3.18
10.45
2.38
44.6
3.56
6.0
1.6
7.93
5.0
1.57
9.5
4.27
5.45
7.82
4.55
2.86
2.48
1.0
2.27
9.73
3.64
4.82
14.6
12.36
2.25
1.0
5.0
11.25
11.45
2.11
1.0
7.5
44.61
8.22
103.09
13.18
9.62
4.46
13.7
2.85
0.5
1.0
13.0
5.0
0.71
2.0
9.38
2.73
2.27
1.91
4.1
0.55
1.64
4.0
1.45
3.25
0.09
7.6
25.0
2.27
2.0
14.2
2.86
5.73
0.09
3.0
14.8
2.0
0.83
2.5
0.06
5.45
5.91
111.45
3.55
8.33
5.64
2.2
6.91
6.36
5.0
1.82
2.19
2.27
0.38
0.13
12.5
9.27
5.15
4.0
0.9
3.29
6.18
2.44
10.91
4.73
2.09
1.0
3.57
0.64
3.18
16.92
1.36
5.52
1.45
4.27
1.4
0.4
5.45
11.36
22.0
0.45
10.6
2.45
0.42
2.73
11.09
23.0
5.91
2.63
52.55
2.69
0.55
6.45
1.3
4.83
0.38
1.75
4.55
3.64
4.6
15.91
5.2
21.73
4.09
59.0
4.09
1.36
4.23
1.67
1.82
10.45
2.91
5.67
8.55
8.18
5.45
1.3
9.38
10.0
0.45
4.09
1.11
911.55
4.38
0.64
3.17
0.5
12.5
2.73
0.09
0.25
3.67
2.27
0.18
0.33
2.36
903.73
6.0
3.36
3.18
6.36
4.73
14.0
2.64
10.0
1.27
1.0
4.31
4.09
2.36
5.0
1.36
6.1
6.82
3.27
17.27
7.09
14.6
0.91
7.36
0.45
1.91
7.44
6.5
0.18
7.27
10.09
3.0
3.1
6.0
5.45
2.82
1.92
2.89
0.45
0.91
2.47
3.73
27.5
9.62
0.18
5.1
4.36
5.08
0.5
1.07
18.6
0.45
2.2
7.27
1.82
5.91
4.0
7.22
5.91
0.91
1.0
0.6
5.0
7.82
0.12
4.64
4.55
5.0
1.67
2.73
2.27
9.73
0.55
17.27
3.38
0.69
1.36
3.64
0.56
2.67
2.27
2.25
3.45
0.55
3.57
2.89
1.0
0.45
9.55
9.95
1.91
1.6
8.4
2.83
0.36
9.0
2.0
5.22
1.69
4.38
2.5
1.0
13.33
10.5
5.83
1.14
125.62
2.14
10.5
17.5
0.1
4.17
3.5
3.62
12.92
6.6
6.11
10.5
16.0
0.62
1.83
6.57
1.11
13.0
1.93
0.43
5.83
2.86
2.08
1.25
0.9
7.0
0.64
16.5
15.25
8.5
9.0
20.0
1.9
2.62
15.1
1.05
32.0
0.42
23.57
3.33
2.0
8.12
15.56
2.37
18.33
1.91
11.36
3.8
11.0
0.27
0.91
5.95
4.5
10.5
2.27
5.48
13.08
3.54
4.55
1.5
5.55
3.73
0.24
10.88
0.81
0.45
3.7
1.76
1.8
1.82
2.73
1.2
11.24
1.91
0.7
1.0
2.27
6.91
2.73
2.5
2.5
0.94
1.0
2.3
3.09
0.44
1.56
3.57
3.36
15.3
41.67
1.73
2.27
13.12
2.15
49.33
0.45
2.63
1.55
2.36
0.45
2.73
8.56
2.36
3.18
5.45
0.5
1.67
2.33
2.0
5.18
6.82
5.64
7.7
1.93
1.5
6.09
1.31
3.64
5.37
4.8
0.45
4.18
22.73
2.92
0.09
1.36
0.91
0.5
0.45
1.82
6.5
33.27
2.5
10.36
0.83
0.09
2.27
7.0
2.25
10.2
2.0
2.5
6.36
5.82
3.1
1.4
0.73
0.33
1.15
3.08
2.73
4.09
5.55
8.75
7.75
4.14
6.1
1.0
1.91
10.0
18.64
11.82
0.46
0.45
0.6
0.09
7.64
7.36
50.0
8.36
14.42
3.92
0.64
10.0
2.0
2.5
2.27
10.8
1.94
2.36
1.18
2.19
5.0
3.18
1.09
3.36
11.45
2.55
3.27
1.36
3.55
3.82
3.0
2.27
12.0
4.6
3.1
30.0
1.91
15.0
2.73
4.55
0.53
2.27
16.18
11.91
1.2
9.09
11.36
3.82
0.91
2.27
5.4
3.33
6.56
4.18
1.62
4.64
1.2
0.6
5.55
5.0
1.6
9.0
0.91
2.24
2.73
1.2
9.64
0.87
8.52
0.91
4.09
15.45
0.5
5.19
0.33
3.25
1.25
4.64
0.45
1.0
0.67
2.09
13.18
1.18
0.71
3.18
2.0
3.29
1.25
1.25
2.55
2.73
1.0
2.6
1.18
4.27
0.38
0.45
1.43
2.91
1.18
6.82
2.36
2.5
3.12
2.82
1.92
2.27
5.0
15.45
2.73
6.11
1.82
1.33
1.82
3.73
0.1
0.27
10.09
2.25
6.47
5.0
3.12
0.09
1.33
2.36
1.45
0.61
2.27
6.47
4.55
0.08
2.36
8.33
12.89
4.62
1.36
2.27
1.82
2.4
8.0
1.36
1.05
4.17
5.0
2.5
8.67
8.09
2.73
1.18
12.41
0.5
3.05
1.82
10.7
3.18
4.09
3.0
6.82
1.82
10.09
2.78
0.27
0.5
5.86
6.82
1.58
11.36
3.3
6.56
0.55
1.81
5.21
0.45
47.91
13.64
11.36
49.27
7.19
1.36
10.75
9.09
44.55
0.55
0.94
0.77
1.75
10.71
2.55
0.91
7.5
2.73
0.45
1.36
2.73
4.5
6.42
1.82
0.56
1.91
1.82
2.45
1.0
0.27
0.45
2.11
2.5
2.69
5.64
0.64
2.73
0.45
4.5
0.45
5.5
1.82
0.42
11.0
4.6
6.0
2.33
2.17
0.5
0.91
1.0
10.0
1.82
6.5
0.27
2.27
4.09
2.45
2.1
30.0
1.59
0.5
0.45
2.55
1.05
1.71
6.0
0.68
6.67
4.64
0.5
3.6
2.5
7.0
2.0
0.45
2.73
5.5
2.64
2.17
4.5
1.36
6.64
6.36
2.45
2.1
4.09
6.36
0.71
0.09
9.64
0.05
11.35
0.59
0.45
2.27
5.0
0.55
4.18
3.44
3.44
2.0
0.31
0.91
7.5
0.64
0.14
7.88
3.18
0.07
9.57
6.0
1.4
3.27
0.27
1.67
5.09
1.45
6.0
1.36
4.93
2.36
7.94
3.46
1.0
0.91
8.33
1.0
5.0
13.64
1.06
2.5
8.2
0.24
3.24
2.9
0.45
1.36
2.0
9.1
14.38
1.87
0.5
2.0
1.0
2.73
19.3
1.82
4.2
3.0
2.55
1.0
3.0
0.97
2.82
1.82
4.18
1.18
4.58
4.18
0.67
25.0
5.3
1.64
0.44
6.82
5.0
1.05
0.55
4.18
1.91
2.25
0.18
0.6
2.43
0.62
3.38
0.28
0.71
2.6
3.73
0.09
0.29
0.11
5.18
9.07
0.33
0.48
4.0
0.12
0.11
0.27
6.36
0.45
0.95
4.64
3.27
2.5
0.38
0.17
1.0
2.73
2.27
2.27
0.55
25.5
6.36
1.36
0.71
4.91
0.91
0.59
6.25
2.82
0.83
0.64
2.59
89.58
5.7
0.5
0.32
2.5
4.43
0.22
0.09
1.82
18.89
2.08
2.27
15.75
9.36
4.27
1.91
1.0
3.18
0.09
1.19
1.11
2.14
4.44
92.82
5.3
7.33
0.42
0.88
1.82
0.5
2.0
1.55
0.09
2.58
4.18
2.27
2.36
3.82
3.88
4.45
10.5
3.07
8.75
0.55
1.0
2.82
72.86
14.0
0.45
1.0
0.6
0.1
1.25
6.45
0.62
19.17
0.91
0.8
10.3
0.83
4.36
10.0
3.91
5.1
3.64
0.33
0.09
1.1
0.5
0.79
0.27
5.1
1.91
2.73
2.0
3.3
2.0
5.2
7.11
1.69
0.91
1.91
2.0
6.56
0.91
1.82
1.36
0.56
0.56
7.17
0.73
1.82
2.9
33.87
6.25
3.64
5.45
1.22
14.55
0.82
1.64
1.25
6.36
1.5
4.25
2.5
1.05
18.1
3.56
0.75
12.5
0.45
0.45
0.6
94.27
4.3
0.58
8.64
0.68
2.5
0.25
5.0
1.19
0.5
3.27
1.0
28.64
1.45
2.18
2.82
1.6
0.2
5.0
4.14
0.08
4.09
6.0
1.25
9.17
0.64
0.18
2.44
1.55
2.73
4.2
0.5
10.09
5.09
0.55
5.64
1.11
6.36
4.36
0.42
13.56
3.27
1.55
2.27
2.09
6.33
3.5
6.47
11.0
1.11
3.0
0.45
0.25
2.0
2.78
6.11
2.08
7.5
0.5
0.55
3.64
2.73
1.75
3.82
1.18
0.46
5.88
5.67
0.58
0.18
2.82
5.9
1.54
0.81
6.29
0.55
1.82
0.18
0.7
11.36
2.86
2.0
1.54
1.5
6.0
6.82
0.26
0.45
10.91
40.67
8.07
0.5
4.09
1.82
7.73
0.45
6.14
1.82
2.27
3.67
1.5
1.39
7.0
4.55
0.25
0.29
2.27
2.73
2.08
0.09
0.09
0.3
0.91
5.0
15.45
0.5
3.25
10.67
1.2
2.65
0.42
5.27
3.82
3.91
11.58
0.38
1.18
0.45
2.6
3.64
1.18
1.55
0.09
2.0
0.71
4.4
2.67
1.82
0.71
2.75
2.64
1.44
8.33
0.27
7.5
7.5
0.91
10.15
1.1
4.73
3.6
3.45
4.4
0.45
1.79
3.62
4.4
0.22
2.73
66.0
1.32
1.0
2.12
1.45
5.62
0.52
2.14
0.5
8.12
0.33
1.38
10.91
0.9
1.36
5.86
0.11
3.09
1.25
0.78
17.56
0.15
0.25
7.78
0.18
5.5
0.5
1.19
2.0
0.6
15.0
0.45
1.83
4.09
13.36
11.09
0.68
1.24
1.23
3.18
1.32
3.44
2.27
0.45
0.36
2.18
2.3
0.08
0.5
2.5
1.3
6.0
2.0
0.72
2.82
3.18
0.58
1.91
0.42
1.27
0.45
1.82
3.2
0.86
4.5
1.09
1.09
0.45
25.33
8.1
15.09
0.05
1.67
0.18
11.67
0.6
5.0
1.36
23.0
1.82
11.25
1.75
0.55
24.78
1.93
2.27
1.83
1.36
2.36
7.27
0.55
5.55
3.57
1.33
9.58
1.09
7.5
1.64
2.5
5.18
0.83
1.45
0.91
3.12
5.0
0.84
3.25
1.18
0.55
2.35
2.5
0.45
0.45
0.17
0.5
4.17
2.45
12.6
0.55
0.4
1.44
5.12
1.36
2.2
5.45
11.55
2.27
7.0
1.4
2.73
0.45
0.83
5.91
3.2
3.75
0.25
0.62
1.89
3.33
0.7
5.78
2.58
3.12
4.2
0.91
2.38
2.73
7.0
8.18
4.09
2.27
1.9
0.33
2.27
0.36
10.0
3.21
13.33
46.33
5.06
6.22
15.1
12.27
8.67
0.91
4.29
15.71
3.08
0.43
17.67
0.5
1.0
1.93
13.8
1.45
2.36
5.0
12.0
7.78
2.5
4.5
0.11
13.25
6.25
1.5
1.82
1.67
0.36
0.56
6.67
1.21
1.0
5.38
6.67
2.5
1.38
2.67
1.5
0.56
11.11
1.25
1.32
2.22
2.14
2.13
7.8
3.71
8.88
0.5
3.42
0.56
1.25
2.46
12.22
1.38
0.44
1.67
0.64
2.5
1.0
0.91
16668.92
4.6
0.45
1.5
1.6
2.5
2.5
15.25
1.82
1.21
3.15
0.55
0.45
1.82
10.5
0.11
0.05
17.18
2.09
5.45
7.91
2.5
6.09
9.25
7.45
2.5
1.6
0.5
3.82
2.5
1.0
1.5
1.18
1.91
3.44
8.0
5.18
6.38
23.0
5.5
2.45
2.2
4.44
3.69
2.82
1.0
3.2
1.41
1.2
12.09
2.27
1.14
1.11
0.36
13.0
1.45
0.82
5.71
1.91
4.82
2.88
1.92
6.43
4.64
0.62
4.58
2.18
0.45
1.0
2.14
1.18
1.83
0.94
1.88
1.25
1.67
2.0
1.94
0.09
1.91
10.88
5.42
2.0
0.91
2.27
0.33
5.25
5.0
4.55
2.0
2.05
18.0
14.55
2.73
6.91
0.09
1.5
12.82
2.85
1.36
11.67
2.88
11.75
5.46
0.94
0.5
0.09
0.1
2.17
5.18
1.38
3.36
2.6
1.45
1.82
3.08
4.38
10.75
0.45
0.91
5.0
1.91
3.33
0.12
3.4
12.82
0.56
0.91
2.29
3.92
3.0
4.58
2.29
2.33
2.85
1.33
8.2
3.0
11.91
1.36
3.12
4.1
6.72
1.91
0.7
2.25
5.55
2.06
1.2
12.82
2.36
14.0
0.9
0.83
3.5
5.45
1.45
0.45
0.38
2.27
8.33
0.92
4.64
2.45
1.25
0.56
3.36
3.64
1.67
3.45
2.83
4.5
2.36
0.09
1.36
2.73
1.8
1.75
4.6
4.0
1.36
0.45
1.07
79.09
3.75
3.55
10.38
0.45
7.5
13.64
2.5
4.18
1.73
5.64
1.5
15.18
6.45
1.0
4.0
2.8
2.0
1.0
8.09
2.56
2.5
1.36
1.5
21.11
0.91
2.43
1.56
2.7
3.44
5.77
4.27
7.86
20.17
4.7
3.0
0.55
1.1
0.91
0.56
2.08
0.26
3.89
0.5
2.55
1.55
1.82
1.82
1.36
2.78
9.55
7.0
5.91
17.0
0.92
2.67
1.86
0.07
7.0
0.2
2.73
18.82
0.71
11.67
7.5
0.76
1.67
0.24
3.89
16.5
1.1
1.0
13.08
0.12
0.89
1.67
0.18
10.45
7.73
1.67
8.36
3.5
0.18
0.08
4.1
9.55
1.67
1.25
5.0
5.0
2.27
3.8
3.18
11.0
28.0
5.83
0.64
2.27
7.12
0.62
5.5
13.8
0.55
5.91
3.64
2.33
0.62
5.7
5.38
5.45
4.09
1.82
3.64
19.33
5.5
1.18
0.5
2.5
5.45
4.55
3.91
0.45
1.19
0.75
3.86
4.64
1.91
15.91
2.55
2.55
12.5
2.1
5.45
3.0
2.91
1.4
4.73
12.09
3.0
3.0
3.5
0.69
5.09
4.17
6.25
3.82
3.36
2.27
6.77
2.09
0.55
3.25
8.5
0.11
2.78
1.36
15.18
0.08
0.73
5.9
1.92
10.18
6.75
5.27
0.5
2.22
5.5
1.92
5.0
11.1
2.73
197.0
8.9
0.2
10.09
13.5
2.13
6.36
0.7
0.33
6.08
5.0
1.45
4.82
2.27
8.09
1.36
2.67
10.0
6.83
1.67
1.42
0.6
1.08
3.64
3.0
1.94
0.91
2.3
1.18
12.0
0.88
15.33
0.45
2.1
4.07
4.82
2.73
0.83
2.9
90.91
65.5
1.55
6.75
7.91
2.82
12.08
5.09
3.64
3.18
1.75
8.64
4.0
7.42
1.43
1.18
12.91
4.5
0.91
0.08
7.5
2.62
0.27
2.36
10.5
0.91
18.18
8.75
0.67
4.36
40.67
10.18
2.31
3.38
2.5
0.17
2.09
4.31
0.5
1.2
5.0
4.64
0.38
1.45
1.67
5.0
2.09
14.0
0.77
2.36
12.3
1.83
0.45
1.07
0.45
0.82
2.0
13.09
0.28
3.18
11.2
1.82
0.64
6.09
3.73
62.5
2.1
2.6
5.0
4.18
4.09
0.36
2.27
12.36
1.36
0.77
0.64
9.33
1.82
5.45
0.85
3.36
1.36
21.5
3.67
0.58
0.55
1.73
1.0
4.09
0.73
3.27
16.27
0.73
2.45
9.91
1.36
11.91
4.71
3.42
3.64
1.82
3.58
0.5
1.54
0.94
6.6
12.45
3.91
2.45
1.45
5.55
0.5
0.45
3.5
5.0
2.82
0.55
1.27
1.86
2.0
11.71
0.1
11.71
1.5
4.5
13.12
2.27
2.27
5.0
0.64
1.82
7.18
4.0
0.91
3.07
0.45
1.38
11.64
12.36
2.09
2.86
3.44
4.67
3.86
2.31
2.55
1.0
2.0
3.0
8.45
4.3
0.24
1.25
19.71
2.73
2.27
0.83
5.4
1.18
8.75
6.18
2.36
16.33
1.45
2.73
11.6
3.12
2.17
3.08
4.11
1.91
3.1
10.0
3.45
1.18
9.17
2.5
18.33
3.36
3.58
1.75
0.45
8.6
2.45
2.73
2.17
0.91
2.45
0.11
1.43
2.94
9.55
3.89
0.91
2.36
2.75
3.0
0.64
3.73
1.25
2.73
5.33
7.29
1.82
5.63
4.33
1.1
4.64
1.67
4.55
2.82
2.17
0.38
2.68
3.08
12.27
5.85
4.55
42.08
8.33
4.55
1.83
4.75
0.08
2.0
1.45
2.27
1.75
13.88
8.73
3.09
7.0
3.73
5.55
1.36
10.42
1.0
9.09
2.73
0.86
0.45
13.5
2.82
1.0
2.09
3.45
6.67
124.4
28.64
0.46
2.27
1.22
4.7
4.55
2.27
13.18
1.42
1.83
1.56
5.0
6.67
4.73
1.67
0.27
0.37
3.45
2.5
4.17
3.57
5.11
0.42
12.36
2.79
4.45
4.5
0.24
18.0
2.88
2.7
2.0
5.59
12.33
5.91
9.09
3.73
2.45
5.0
2.31
4.5
1.0
4.55
2.08
2.27
10.29
6.91
11.36
8.0
2.45
1.14
1.44
0.08
11.45
13.9
3.75
2.07
3.18
1.2
2.9
10.1
11.18
3.89
5.14
1.82
0.14
5.67
4.92
0.85
1.36
5.18
2.1
3.33
2.0
0.64
1.0
4.62
13.2
1.5
3.33
5.5
4.0
2.36
6.36
0.6
1.09
1.17
4.58
0.27
5.36
0.25
5.18
5.06
1.05
22.5
1.35
5.73
1.25
6.3
4.85
17.75
2.25
1.7
0.47
3.64
15.45
1.09
2.5
627.25
0.45
3.42
0.08
1.36
6.5
13.56
4.3
2.42
4.09
3.0
14.12
3.92
4.55
3.0
1.55
1.2
0.28
0.36
4.08
3.53
2.64
4.09
5.18
2.31
0.45
3.64
2.45
2.5
0.2
13.5
0.88
8.57
3.73
1.82
2.45
5.0
2.36
2.36
0.1
2.91
1.71
1.92
13.73
2.67
9.73
7.0
0.89
6.67
6.36
12.6
11.82
0.5
5.0
6.45
4.2
1.71
3.42
1.17
0.92
6.18
3.45
1.82
13.83
1.5
1.82
0.45
0.6
7.36
0.82
3.0
3.18
3.36
5.2
2.78
2.6
7.0
12.27
2.0
11.15
4.56
0.91
6.11
1.64
5.56
5.18
5.09
27.0
3.18
0.91
6.4
5.09
5.09
5.23
4.91
5.08
6.8
2.44
5.83
1.82
2.91
2.09
4.58
2.5
6.36
2.27
0.4
9.36
13.0
8.18
2.3
1.33
2.73
5.11
0.12
0.2
1.43
1.78
6.0
1.91
11.36
0.36
14.4
0.63
2.91
7.23
10.94
3.64
0.67
7.0
23.0
1.21
3.27
3.0
11.5
1.7
6.04
4.36
10.09
3.79
60.0
2.4
5.0
4.18
2.27
3.27
1.22
3.45
3.09
2.44
1.27
2.73
1.22
3.27
5.3
2.0
11.82
0.55
2.73
0.1
2.73
0.45
1.82
2.89
1.36
20.0
11.64
6.25
10.55
4.0
4.09
3.18
3.0
1.44
14.8
1.4
4.0
0.5
2.27
1.82
4.64
2.0
8.5
2.0
2.62
1.0
2.73
10.71
0.15
1.45
0.09
13.0
2.82
4.73
9.18
2.67
0.91
0.89
0.91
1.55
5.0
2.36
6.5
3.0
8.29
2.17
1.0
7.27
1.67
18.55
18.0
23.91
4.1
2.79
1.83
3.64
2.82
47.55
3.27
1.82
7.5
1.82
0.45
0.27
1.75
7.2
2.55
4.55
5.0
0.92
3.64
1.8
0.55
3.92
2.78
0.55
8.0
3.91
1.06
10.62
0.4
4.0
0.82
8.75
5.8
1.55
2.5
0.5
0.5
0.55
0.09
1.0
3.2
5.82
1.0
1.55
2.86
1.79
13.89
0.9
3.33
2.0
11.0
4.67
6.36
20.0
4.82
7.55
5.95
2.73
5.55
0.87
1.36
3.91
4.38
5.0
2.21
1.5
3.0
2.3
2.0
0.45
1.0
0.13
1.2
1.27
2.22
1.9
1.25
2.3
0.47
0.33
5.08
1.09
3.54
2.67
14.88
0.45
5.0
2.09
2.55
4.25
3.0
0.24
10.75
2.5
40.0
11.91
1.08
0.88
1.36
2.42
0.92
4.64
12.71
6.13
8.71
4.25
1.45
4.0
4.58
9.0
0.62
5.17
3.5
5.32
8.21
6.92
4.8
4.0
0.05
14.56
88.33
1.73
0.45
0.5
1.18
1.36
1.23
5.64
82.0
2.64
1.82
9.36
35.9
13.15
11.67
1.0
6.5
6.88
2.27
4.09
5.67
5.57
9.5
5.9
1.78
1.79
4.17
6.36
1.6
45.91
6.1
1.82
16.27
1.62
9.73
2.06
3.18
3.7
3.18
3.27
1.91
6.55
1.36
24.43
6.83
5.1
13.36
0.55
2.27
8.73
1.0
7.0
7.18
7.09
5.55
1.55
3.1
4.82
3.64
6.4
2.36
0.71
5.82
3.5
2.31
3.5
5.91
20.5
22.0
16.92
0.5
4.18
3.0
5.5
37.7
3.6
2.73
0.88
3.92
5.0
2.75
0.57
1.71
7.91
5.55
4.5
13.5
8.2
5.91
6.89
5.0
1.82
4.18
6.0
5.0
4.0
1.09
2.42
0.75
4.1
0.82
1.27
2.27
1.25
1.17
2.19
17.8
0.67
0.09
0.09
9.64
56.0
2.5
1.71
2.22
1.36
2.27
1.36
7.5
1.45
6.0
12.45
2.55
1.6
1.62
10.91
4.15
1.64
2.85
2.09
20.86
8.75
13.11
0.09
3.64
3.15
10.14
5.91
0.45
6.64
0.67
0.45
0.42
13.82
2.0
22.83
13.85
2.22
10.0
3.92
10.91
8.33
3.82
2.09
3.91
4.18
1.64
1.91
4.55
3.54
4.6
1.25
6.45
1.91
6.18
2.44
1.93
0.64
1.31
33.5
1.36
2.27
1.67
26.6
9.18
3.36
5.36
4.92
1.82
4.0
2.73
3.27
1.45
20.18
1.27
1.57
4.25
2.45
3.52
11.2
2.36
0.26
3.0
10.22
1.5
0.64
24.43
1.6
0.36
12.27
2.36
3.2
5.08
15.33
2.27
3.09
2.73
5.58
1.91
7.41
5.27
0.82
5.42
9.33
0.4
0.71
13.27
4.25
8.6
5.5
0.27
6.91
2.27
9.55
15.67
1.09
3.18
2.2
2.22
0.7
5.17
0.3
0.55
17.5
1.0
0.91
4.27
19.5
1.9
26.0
5.0
4.1
1.09
2.78
2.1
0.25
1.5
5.1
12.8
6.73
4.27
2.23
5.0
1.55
10.18
7.18
12.92
0.18
0.91
2.57
3.73
4.33
2.55
27.1
4.0
5.82
5.91
0.5
4.17
4.31
1.45
7.38
1.0
2.36
0.42
3.18
5.5
7.5
6.0
7.82
2.3
5.71
4.27
2.14
11.5
1.91
2.82
3.18
7.5
2.45
4.73
20.91
5.07
10.18
2.0
0.27
10.18
6.0
3.0
3.33
10.25
2.0
1.0
1.5
26.5
3.09
12.0
0.09
3.4
0.92
2.5
0.45
0.91
3.25
7.73
1.82
5.91
2.36
1.55
1.25
3.0
0.2
16.71
5.4
1.36
25.0
1.0
3.33
4.25
21.38
3.91
9.25
2.29
11.33
0.09
1.91
9.91
17.73
2.83
5.0
4.48
21.3
24.0
1.3
1.64
10.2
5.0
0.6
0.91
22.29
3.83
2.19
8.33
5.89
5.5
2.2
2.0
1.45
2.42
7.12
6.82
6.91
7.29
6.0
1.85
15.09
0.8
4.5
37.5
1.6
0.06
0.33
6.0
3.6
2.78
4.73
3.45
6.67
3.57
6.5
82.0
3.64
5.17
4.91
4.1
2.89
5.82
5.88
1.4
3.25
37.0
19.0
1.11
2.78
1.67
2.0
8.64
3.45
16.11
2.1
11.25
5.0
1.25
3.64
3.4
2.7
7.91
13.0
3.82
1.09
1.36
0.67
3.33
2.73
8.0
36.91
0.38
14.0
3.89
2.45
2.09
8.54
3.27
17.73
0.12
8.55
4.67
20.17
1.0
0.91
2.07
1.82
5.36
9.38
0.09
0.45
7.0
1.64
2.64
10.9
1.54
4.67
35.0
3.5
2.2
4.27
3.83
2.08
2.91
6.36
12.73
5.55
3.14
6.36
5.5
3.73
0.33
2.0
0.88
43.0
2.11
8.0
0.59
6.3
1.89
1.36
4.64
2.73
2.45
2.08
0.45
15.4
1.91
1.58
15.0
0.35
14.78
16.5
7.07
4.25
2.67
5.82
4.36
15.5
6.83
3.5
4.33
3.7
19.55
0.67
2.89
12.91
1.82
0.25
2.27
11.5
3.73
2.08
2.1
1.0
8.0
4.17
0.09
4.44
2.09
1.1
3.64
18.22
2.27
3.09
5.27
1.36
9.36
2.2
7.5
1.67
10.9
1.09
5.71
11.42
2.0
2.14
5.14
7.5
3.36
5.0
0.8
3.55
1.77
15.8
10.85
7.14
7.55
21.0
2.46
3.0
0.36
1.42
3.75
0.45
2.73
3.18
2.1
3.09
2.36
5.0
0.73
8.73
5.56
2.36
10.91
0.22
20.89
2.17
9.5
3.82
2.09
1.31
18.45
15.55
10.0
4.43
42.5
2.5
0.77
2.58
4.82
1.67
1.5
6.38
11.33
3.36
5.45
35.62
2.24
5.0
3.5
1.1
3.83
2.17
2.18
6.36
2.27
12.42
5.79
7.27
3.6
0.33
32.0
21.82
0.36
1.38
5.62
1.55
15.0
14.29
2.92
2.82
2.73
22.91
5.0
14.09
9.64
2.75
3.45
4.83
7.33
1.56
14.78
4.25
7.7
2.27
8.82
13.73
1.6
2.25
4.55
1.55
13.0
0.19
4.25
9.18
1.0
5.0
0.77
0.64
15.18
3.18
4.18
2.5
3.08
5.11
0.5
3.12
2.5
2.0
4.55
6.33
3.18
20.58
1.55
0.55
0.91
2.78
9.67
32.0
1.09
5.1
3.29
1.6
2.0
7.5
8.91
2.62
1.2
0.62
5.58
2.0
2.67
5.27
5.18
1.4
1.82
5.06
14.0
0.55
11.6
0.85
11.1
2.2
4.17
3.94
0.75
23.75
1.82
16.4
8.5
0.59
56.5
4.56
5.56
8.0
1.67
12.83
1.88
3.64
4.2
5.91
12.09
3.67
33.0
0.79
5.22
5.27
14.38
11.73
2.78
11.4
5.7
3.5
11.75
1.36
4.43
12.73
2.45
4.91
0.45
5.36
2.6
38.73
1.82
0.45
4.18
1.8
7.0
0.55
0.67
1.55
7.73
1.0
12.5
2.82
1.73
0.08
4.3
2.27
3.0
6.18
5.45
7.75
4.18
13.26
0.64
4.36
2.22
31.57
1.0
8.5
0.35
1.5
4.5
9.46
4.55
3.85
0.92
11.45
19.92
8.33
2.14
9.1
6.44
1.33
23.71
6.2
3.18
0.91
1.0
4.2
10.15
3.5
2.82
10.14
8.54
3.33
6.5
8.45
74.5
0.5
2.53
4.64
8.18
8.0
1.36
3.73
3.5
2.33
6.5
1.82
0.08
2.4
2.5
1.08
1.25
4.1
2.57
4.55
6.27
6.7
1.0
5.6
1.64
6.6
0.91
1.22
12.14
1.42
0.58
7.3
3.18
2.36
4.64
1.58
0.85
35.5
0.26
125.0
9.5
0.91
2.82
1.06
3.18
73.18
0.64
7.22
2.82
13.0
1.91
45.55
0.92
7.36
5.11
4.5
4.0
10.25
2.5
0.46
14.45
3.91
6.74
7.45
47.27
2.33
4.0
2.5
7.5
13.0
2.58
12.6
11.1
3.83
3.91
1.0
3.7
2.78
2.45
6.75
13.12
3.82
1.0
2.88
3.18
1.87
2.67
8.2
5.55
30.55
8.58
22.5
2.0
5.4
9.27
7.55
0.83
0.91
1.75
9.17
1.8
4.55
6.0
3.45
1.27
5.64
3.18
2.17
5.36
1.0
6.43
4.69
2.0
2.5
4.55
6.08
11.64
28.67
4.82
8.29
3.0
3.3
16.55
2.55
57.73
1.18
6.91
12.64
1.55
2.5
4.64
8.0
1.0
7.5
3.0
10.0
1.36
13.58
4.44
5.0
4.57
11.6
2.27
1417.56
12.67
0.86
2.36
2.08
4.9
21.5
3.9
8.67
3.11
3.38
8.27
6.45
2.73
5.54
5.0
2.91
0.93
1.58
4.69
5.0
16.5
0.2
11.0
5.18
4.55
9.55
1.18
3.64
17.8
11.82
2.27
2.82
4.09
3.0
0.88
0.7
0.65
3.1
1.83
3.22
12.42
4.0
1.73
5.5
6.86
30.0
5.75
61.0
0.5
7.64
11.27
8.75
12.27
2.52
0.08
4.91
1.33
16.0
5.0
228.18
5.18
5.67
3.0
3.09
2.0
5.09
6.0
1.92
2.73
0.17
6.25
2.56
7.33
6.09
6.36
4.54
10.0
3.91
8.71
11.36
5.0
4.58
0.64
4.82
5.6
1.09
1.64
3.0
11.71
6.36
11.0
0.5
9.33
11.08
4.27
9.83
7.09
3.36
1.0
5.5
46.0
1.5
10.7
3.24
0.92
2.0
2.33
1.0
6.0
14.55
6.75
9.18
6.42
6.17
15.0
10.67
5.0
14.0
8.68
93.27
0.75
5.85
5.45
24.5
1.25
3.73
1.2
4.5
1.82
7.25
15.64
0.09
10.55
2.55
2.5
0.45
6.0
2.73
6320.91
2.36
22.55
3.27
3.18
3.83
8.71
5.64
0.73
3.56
10.71
5.36
17.86
14.67
1.73
2.1
0.67
13.55
4.55
4.73
4.08
4.67
3.17
16.2
2.78
5.45
10.24
2.58
4.33
2.55
1.0
19.25
0.42
9.0
0.77
5.5
21.55
0.92
11.11
11.09
4.0
2.36
6.05
54.14
9.92
8.5
10.64
7.08
3.33
1.2
0.5
9.64
20.0
11.73
3.91
3.0
30.0
3.08
2.3
11.82
8.18
15.0
0.29
12.33
2.1
2.33
4.92
3.36
3.21
5.45
0.95
16.27
7.82
3.89
4.42
9.06
3.88
1.2
10.5
2.18
1.91
10.67
6.9
2.92
7.88
2.71
0.89
1.1
1.45
68.0
12.3
21.0
4.4
7.45
2.73
0.42
1.55
1.88
4.55
1.36
11.27
8.73
0.38
4.5
44.5
9.5
6.0
10.64
9.27
4.0
26.83
13.86
1.82
3.5
7.36
3.26
13.1
6.46
2.73
5.91
1.75
2.83
7.55
1.75
2.82
0.5
3.0
12.64
0.8
23.25
7.2
5.09
7.0
19.5
23.56
2.0
6.45
9.36
4.0
3.9
8.6
17.6
8.19
3.0
0.83
2.86
4.56
3.33
7.5
1.82
7.91
7.44
0.47
3.55
5.0
1.5
4.38
2.33
0.45
4.0
13.89
4.33
6.0
95.0
2.91
5.18
5.27
5.67
27.64
3.27
11.33
7.73
2.38
4.0
5.86
2.64
0.82
3.3
2.09
5.45
1.82
4.43
6.09
6.88
1.91
1.75
2.4
5.09
5.71
11.79
0.53
2.91
3.21
19.5
2.27
4.08
30.4
3.78
2.82
2.65
14.62
7.1
93.73
12.58
2.1
2.82
5.71
0.09
9.09
5.55
17.82
21.5
0.9
1.25
9.86
3.25
6.7
5.33
3.38
1.36
5.77
6.0
10.0
3.3
10.42
7.0
1.8
3.0
3.89
7.38
2.73
5.09
1.0
8.55
1.55
1.1
5.17
2.89
5.0
5.42
34.76
4.4
2.82
4.27
3.44
2.73
1.36
5.83
15.5
2.09
6.29
0.14
1.0
1.92
45.45
10.29
11.18
4.09
0.64
1.18
7.64
6.0
3.73
1.45
0.55
8.17
2.5
14.56
1.82
3.15
1.44
3.82
2.31
3.1
8.73
12.36
7.22
0.91
1.7
8.09
4.7
0.29
9.0
6.09
2.69
3.0
8.91
6.62
9.73
1.82
4.8
9.0
9.36
4.25
0.45
5.58
6.82
23.73
1.0
1.79
2.45
2.08
2.7
6.7
3.25
8.55
4.17
6.64
1.0
2.83
7.27
3.67
78.62
1.4
4.17
1.43
0.2
1.67
0.1
1.75
8.18
0.1
13.82
0.45
2.17
1.36
30.09
1.92
2.3
12.18
5.7
4.38
3.0
2.36
8.6
6.0
4.55
15.0
1.5
2.91
6.82
7.91
4.27
2.08
8.1
3.42
4.0
18.57
4.42
10.18
4.55
1.57
0.29
9.18
6.27
7.27
1.57
5.0
23.0
63.91
1.37
9.43
3.64
2.23
189.0
12.77
1.11
5.12
5.64
9.71
2.67
2.68
32.5
2.27
8.75
6.0
0.58
4.45
15.6
7.21
14.0
5.7
0.91
1.05
43.88
4.27
2.68
12.5
15.1
4.36
8.36
1.27
3.38
3.6
2.35
17.89
2.4
83.5
4.5
6.8
3.7
3.9
15.09
1.1
1.6
7.55
0.42
7.73
3.13
4.8
5.45
11.82
2.81
6.73
5.55
2.91
5.71
4.12
1.82
6.13
40.5
2.27
1.09
5.75
1.65
11.57
8.33
2.82
8.75
3.83
2.92
26.0
1.6
5.4
19.17
1.18
5.0
33.0
5.0
4.09
10.8
7.93
2.61
21.0
1.55
1.67
10.0
14.7
1.91
11.55
1.67
3.83
0.2
2.91
6.33
2.1
2.19
4.55
2.24
1.27
358.57
1.55
4.0
1.0
9.55
4.29
52.6
1.0
3.64
6.0
1.7
3.0
1.0
2.1
9103.73
1.33
8.89
3.36
2.27
5.0
2.09
11.92
1.31
2.88
1.07
7.91
2.57
5.36
4.73
2.0
0.27
14.71
1.11
6.18
0.91
1.91
7.27
2.56
6.16
0.42
10.73
0.29
17.45
10001.8
1.31
2.58
5.22
3.18
4.87
13.09
14.67
8.89
1.0
7.88
7.2
6.45
5.36
2.4
34.0
1.75
2.18
0.56
5.55
1.67
5.18
3.38
0.5
10.29
14.64
3.0
2.47
6.43
3.5
8.62
3.2
3.82
22.86
1.0
2.36
3.91
4.0
0.09
15.38
2.5
3.73
4.58
6.75
0.56
3.64
0.5
4.33
7.2
0.91
10.08
3.89
3.1
2.91
3.6
7.55
14.45
2.86
8.36
2.35
3.27
2.73
0.45
60.36
6.82
1.2
2.31
6.0
0.53
4.7
68.8
2.57
3.64
3.36
14.57
2.36
2.45
13.27
5.75
3.55
11.45
12.11
12.3
12.2
11.54
1.22
2.91
8.0
9.64
6.45
0.92
5.2
5.7
6.43
4.5
13.4
1.45
3.83
0.45
3.33
3.8
4.67
4.2
2.36
5.91
7.38
1.45
0.36
5.45
0.11
5.7
4.09
6.83
9.5
30.91
2.5
2.0
21.5
3.62
0.62
4.27
2.27
0.73
12.83
12.44
0.5
10.8
14.0
1.91
4.45
16.09
4.22
21.38
11.36
8.05
5.7
5.82
15.55
0.18
4.36
2.78
3.87
9.55
9.73
71.2
1.82
8.0
3.1
2.92
5.27
1.0
9.08
7.18
1.82
5.8
20.0
14.8
1.79
6.36
1.45
1.73
8.86
78.64
3.91
12.45
10.08
2.67
6.4
6.09
1.07
5.27
5.55
0.7
50.0
4.18
5.24
5.0
6.0
5.25
7.67
10.67
5.27
3.09
25.5
2.0
3.36
4.58
4.73
9.43
3.07
11.38
16.3
4.0
2.0
97.09
4.17
3.33
4.73
11.4
3.08
23.27
30.5
3.64
3.91
1.09
4.0
1.31
9.58
21.18
4.18
11.83
2.83
2.45
1.82
2.73
12.0
1.17
2.45
8.44
4.56
4.73
14.17
4.64
4.1
19.33
2.0
16.8
8.14
3.0
4.6
19.55
1.45
2.58
35.0
0.28
23.0
10.45
24.5
10.73
3.67
10.5
4.0
5.73
5.82
2.55
2.5
11.0
10.5
3.64
2.62
11.42
6.0
2.91
5.5
13.45
3.0
3.36
26.71
5.36
4.64
12.75
8.5
6.09
1.42
20.0
10.91
13.91
15.75
1.0
0.45
4.45
2.25
16.45
5.14
12.0
1.91
10.29
11.55
6.25
23.5
6.5
3.73
13.5
12.45
8.92
7.27
3.08
6.25
5.0
4.75
3.18
1.64
4.55
11.82
1.17
7.0
10.18
2.4
4.0
4.11
11.88
9.09
3.82
2.78
5.82
2.33
6.11
6.71
4.36
14.55
11.0
11.2
2.0
1.91
3.0
7.1
5.44
2.44
4.57
94.91
2.93
1.09
6.82
9.0
1.82
1.82
5.88
1.0
2.73
8.5
4.6
10.17
1.5
4.3
5.45
0.33
1.33
2.0
7.22
1.09
4.7
2.6
2.45
3.33
1.36
18.29
8.2
1.91
11.91
6.89
1.07
4.64
2.89
7.36
3.0
4.18
3.36
7.08
4.42
3.91
18.0
0.14
16.5
14.11
23.0
21.3
6.45
5.73
4.63
5.5
0.27
1.18
10.93
3.36
5.95
0.94
21.5
8.25
23.36
10.09
11.55
8.57
3.09
2.09
13.36
0.05
23.5
4.09
0.64
7.91
11.45
5.18
2.0
6.36
2.5
1.55
2.6
1.36
28.0
2.18
3.0
2.21
4.11
1.5
0.91
4.0
15.73
5.7
2.73
4.64
4.25
8.0
1.75
4.55
7.0
1.36
2.5
2.93
4.0
30.5
2.45
5.6
16.64
2.91
0.65
28.0
3.11
0.45
9.55
9.87
3.88
0.43
7.85
827.4
2.36
5.17
11.82
4.33
10.85
2.75
0.67
3.82
7.7
4.0
5.91
4.6
1.09
0.36
2.27
3.42
0.64
15.44
1.25
0.73
10.64
10.33
2.33
2.09
1.36
5.6
12.73
1.25
2.36
0.45
4.6
3.89
2.91
2.27
5.91
20.5
7.2
12.33
9.44
6.36
2.5
7.08
2.1
85.25
4.0
13.06
7.2
7.22
3.89
2.36
5.23
17.45
0.4
10.5
2.62
6.0
0.08
4.91
1.82
3.38
0.91
2.7
7.89
3.17
107.1
5.0
5.14
7.0
15.75
4.7
8.5
2.27
6.45
13.5
1.45
40.5
1.58
15.33
3.05
9.5
2.17
4.08
5.25
1.5
2.25
3.33
5.45
0.83
4.5
1.45
0.55
10.17
7.21
4.42
5.0
8.91
5.83
2.91
5.22
2.73
4.91
1.21
1.8
11.91
1.14
1.91
2.9
2.25
0.85
3.92
4.62
6.2
2.57
12.09
2.73
2.82
11.27
0.85
2.43
0.42
5.07
18.0
2.7
1.75
3.18
5.0
2.75
10.09
7.71
2.27
11.54
1.73
0.43
3.73
1.57
1.0
8.3
1.42
8.62
6.91
7.81
4.94
4.5
7.92
10.0
1.0
3.62
10.0
12.27
5.09
12.5
4.56
7.88
3.7
8.38
3.0
4.36
3.73
0.6
9.91
4.44
2.2
1.55
3.18
2.38
1.82
6.5
4.55
16.75
3.27
1.07
4.91
2.27
9.36
5.9
8.36
10.36
3.33
4.18
8.75
5.55
5.67
3.33
3.64
29.0
0.6
4.14
2.75
2.67
6.1
1.36
3.56
4.55
3.73
5.45
10.56
3.35
2.5
4.17
7.06
1.4
12.5
0.82
1.6
6.2
4.36
4.36
6.08
2.0
8.09
1.36
0.64
25.0
4.27
3.8
4.18
5.14
3.75
4.75
2.17
3.27
10.24
0.08
6.33
5.0
5.08
91.91
4.25
2.91
2.73
1.25
3.23
2.73
23.0
2.91
0.55
2.89
8.67
1.91
14.0
45.0
2.4
0.13
4.3
0.08
3.25
11.45
2.36
0.45
5.45
0.91
3.18
15.0
4.18
9.18
3.67
2.64
1.5
7.75
4.27
11.33
6.0
4.5
5.69
2.73
11.67
1.44
29.43
2.36
5.06
27.0
3.95
3.5
5.08
1.08
1.4
2.55
5.6
3.64
2.33
0.45
2.5
4.3
3.27
4.64
2.5
16.75
0.14
5.0
2.27
4.64
9.64
0.5
27.14
4.2
7.09
3.92
24.44
7.0
3.0
3.36
2.6
3.73
3.0
2.73
0.82
6.45
5.88
9.0
1.45
5.06
9.45
2.83
7.8
2.0
4.64
2.27
8.73
1.15
2.4
2.64
5.67
4.08
4.18
6.39
29.0
1.0
1.18
0.55
165.5
3.58
1.94
2.5
6.0
9.5
0.5
21.0
32.64
3.91
2.9
0.91
0.45
3.92
2.18
14.18
19.0
0.27
9.29
3.09
1.0
8.75
5.64
12.82
0.5
1.5
10.27
22.67
2.27
1.09
10.83
24.91
4.36
12.2
3.05
1.92
3.78
5.24
7.36
12.36
1.82
2.0
3.92
6.5
9.86
2.57
3.64
5.25
5.45
3.58
2.83
0.8
0.77
3.12
2.67
4.7
3.5
1.27
4.73
2.82
9.55
2.5
4.0
1.73
2.09
2.27
13.45
5.55
5.38
2.38
7.58
2.25
1.64
4.09
3.27
6.38
21.82
6.5
19.09
2.2
3.64
3.73
15.67
4.0
3.5
8.9
4.38
5.67
10.5
1.0
3.82
11.36
11.91
3.73
5.0
17.73
3.64
7.0
1.73
3.64
3.83
6.62
13.89
2.58
11.67
2.0
5.0
0.55
1.45
14.0
2.2
5.91
2.45
3.0
2.82
0.55
47.5
36.3
13.09
1.56
2.14
5.45
0.09
3.21
10.09
4.09
2.73
2.67
1.24
24.44
2.19
57.5
3.86
1.76
9.0
0.5
0.76
1.83
9.08
9.64
10.0
6.07
15.1
1.18
5.46
16.2
2.0
10.62
6.5
3.33
5.22
6.0
2.14
7.73
2.08
2.91
5.25
2.62
1.0
0.73
1.09
20.73
8.4
7.17
10.3
0.5
3.33
11.73
7.27
5.45
2.73
3.33
2.91
12.5
1.73
7.0
0.09
4.7
1.43
0.45
3.43
4.5
0.55
4.0
3.0
3.55
0.18
0.55
14.67
5.0
2.27
0.45
4.5
3.5
3.67
5.18
1.25
10.36
14.5
11.83
3.44
6.36
6.11
0.91
2.73
6.55
6.55
6.64
2.47
2.73
6.18
4.18
2.5
0.91
8.67
1.0
18.27
6.73
3.75
0.17
3.62
76.0
3.58
6.71
0.25
9.45
12.8
7.77
10.07
6.58
2.91
3.09
13.82
8.24
1.89
8.62
0.91
6.11
1.25
3.43
12.5
7.08
5.0
2.55
5.56
3.4
7.1
8.05
2.36
2.09
14.09
2.94
28.73
11.17
3.67
15.55
4.82
63.0
5.4
12.91
7.0
1.27
4.55
7.14
14.5
4.08
17.8
2.82
3.64
1.25
5.18
2.82
11.36
27.5
3.9
0.29
15.27
1.55
3.22
7.0
6.6
4.18
5.09
6.25
2.45
2.0
7.58
6.0
6.21
9.17
5.45
5.0
0.83
28.75
1.42
6.09
6.31
44.5
1.82
4.18
15.6
24.8
2.0
10.0
3.42
5.0
4.33
0.83
4.9
0.28
14.55
2.5
3.2
5.18
10.33
4.64
11.5
1.91
2.91
5.27
9.0
4.17
13.0
1.73
3.33
4.45
14.4
1.09
7.86
7.08
2.15
10.57
8.75
5.55
6.64
0.89
2.36
27.67
0.27
5.73
3.73
1.36
4.27
5.07
2.58
3.42
3.25
3.52
1.64
6.0
5.64
3.0
2.91
5.09
8.1
4.27
1.1
1.95
7.5
1.75
1.64
0.91
6.91
1.86
7.67
2.81
15.92
6.45
1.0
13.82
15.55
0.18
3.82
1.47
4.18
2.82
25.0
9.55
2.27
4.0
17.07
14.27
4.59
5.84
12.5
13.0
2.6
3.18
9.29
5.36
8.45
6.36
10.0
2.75
9.62
17.7
6.1
4.73
3.75
1.2
6.5
13.45
0.88
13.43
1.0
4.1
4.22
23.5
11.18
2.33
4.36
1.25
2.91
20.6
5.0
31.64
12.83
5.45
11.5
11.61
0.42
3.17
18.33
2.18
3.62
7.92
2.73
8.33
5.0
6.64
3.82
10.27
2.45
5.73
16.88
1.91
2.62
2.91
2.21
9.33
10.83
22.0
5.0
0.45
2.82
2.27
2.27
9.8
8.62
6.6
15.09
5.58
5.83
8.55
7.0
3.27
3.0
4.08
6.09
0.73
2.42
2.73
12.5
1.55
7.61
2.5
2.5
0.55
1.45
7.09
9.36
1.09
2.0
3.33
3.64
7.57
2.33
9.18
3.2
43.0
7.3
7.64
2.27
7.33
0.67
27.67
14.8
1.82
8.12
4.5
3.25
3.67
12.69
2.21
25.5
2.46
11.73
19.7
4.38
8.0
10.45
1.82
6.45
2.26
7.22
3.27
2.08
5.14
5.55
5.27
8.45
6.57
25.0
2.0
11.18
8.3
0.55
0.45
10.83
0.91
16.38
6.67
0.91
2.5
5.91
16.82
6.1
1.91
4.05
29.8
11.0
3.45
4.17
0.11
4.58
10.0
14.22
39.7
9.09
3.91
12.45
15.18
1.91
4.62
4.33
1.82
3.18
3.0
5.39
16.5
8.82
0.91
4.11
4.45
1.82
11.0
10.14
6.55
4.0
5.87
11.0
10.83
15.3
3.67
7.6
31.0
6.09
0.45
1.3
5.08
3.9
1.09
3.12
4.7
1.86
1.18
3.3
6.0
2.83
9.18
1.91
36.75
2.82
14.6
0.89
32.3
1.2
16.18
2.78
6.5
37.5
7.83
3.0
12.73
13.18
31.09
1.0
3.42
2.14
28.55
7.65
3.86
2.0
2.7
14.0
4.33
3.62
1.67
5.82
10.67
0.5
3.36
0.11
0.56
8.27
10.42
2.27
3.64
2.82
3.18
4.36
3.0
3.18
8.64
3.4
20.0
5.3
6.75
12.1
5.07
7.91
4.09
7.61
6.82
3.0
11.23
8.27
7.73
6.82
5.55
9.75
2.58
1.0
4.4
2.25
11.64
2.82
1.75
3.2
9.82
6.63
56.18
21.75
1.73
7.36
4.33
7.14
15.0
6.9
6.25
0.45
8.6
43.92
3.18
9.0
2.18
12.7
8.75
1.24
13.36
57.2
10.4
2.73
2.37
3.69
10.73
4.64
5.2
1.5
0.5
4.17
3.35
20.0
1.71
2.6
6.18
9.36
5.48
5.4
5.19
3.18
3.1
3.11
3.64
15.67
3.33
4.73
5.45
6.82
1.73
5.3
4.6
7.67
5.17
9.22
1.93
8.57
3.33
0.45
1.36
2.55
3.64
3.22
2.46
5.53
3.64
11.92
7.14
4.73
5.57
1.6
0.82
11.09
0.8
3.88
8.73
4.0
1.73
640.88
3.11
12.5
6.3
9.27
17.09
1.88
3.21
1.82
13.29
22.22
25.73
9.64
20.1
3.55
6.0
9.91
8.1
2.56
1.91
2.64
20.45
5.3
7.58
1.55
50.5
4.3
6.92
4.82
2.17
3.1
3.88
21.4
13.64
4.82
13.5
13.45
2.29
2.64
7.0
3.47
1.42
14.62
2.27
9.55
2.82
3.64
49.38
8.9
5.75
5.0
6.64
2.42
35.67
0.89
5.27
7.55
5.67
12.15
7.5
7.53
47.91
6.27
4.5
21.0
8.9
1.47
2.33
13.83
8.1
11.36
9.73
2.8
1.0
5.45
2.89
10.75
17.0
15.4
3.18
9.75
4.0
3.61
15.78
2.89
1.0
2.36
2.45
0.55
46.5
4.14
4.55
1.82
2.67
1.58
6.11
1.5
3.91
4.55
3.23
4.09
7.64
0.44
5.17
4.2
14.1
5.5
5.0
8.36
13.27
3.27
2.75
2.88
6.85
52.4
1.5
15.0
3.1
6.45
17.89
4.67
6.0
3.64
1.64
2.18
7.0
2.27
2.08
27.0
3.75
13.64
4.09
1.9
5.5
4.55
18.0
1.55
11.36
9.6
3.17
3.9
4.64
12.17
21.27
12.1
2.5
1.73
11.62
3.25
4.5
6.33
0.45
13.18
5.83
6.15
11.0
11.45
14.41
5.09
19.25
9.09
1.46
2.36
1.91
3.64
3.64
13.18
1.92
2.73
2.12
12.5
5.45
13.64
12.58
12.71
2.73
1.43
12.92
5.0
13.0
3.57
12.5
6.45
4.2
9.73
2.27
4.77
4.55
10.45
9.36
4.33
5.88
4.64
3.0
5.27
13.92
4.3
6.89
13.72
5.17
3.89
17.92
0.6
17.5
6.92
0.73
3.82
20.11
3.36
6.25
3.2
2.27
17.36
6.9
6.86
1.77
5.23
6.33
9.18
10.23
42.75
1.45
102.91
15.3
9.0
7.9
3.44
2.0
86.67
3.73
2.73
0.09
11.91
1.5
6.7
12.0
4.75
2.07
4.25
0.92
91.0
5.55
4.18
6.94
6.27
6.78
4.73
2.0
8.5
17.18
21.5
12.57
6.82
3.27
3.44
1.64
13.5
8.27
8.67
13.55
0.83
9.0
8.14
4.67
1.0
14.22
19.44
9.92
8.73
11.09
7.88
8.27
13.18
7.23
2.36
4.27
4.67
8.8
11.55
5.2
21.45
6.62
11.82
2.91
16.89
5.59
4.27
26.0
28.0
7.86
3.5
11.91
0.54
5.88
2.55
6.11
3.64
11.2
7.55
4.09
5.5
5.22
3.18
21.0
23.5
2.17
6.64
6.36
7.45
1.67
3.56
73.45
8.67
7.27
